

took: 63.19876050949097
q:[0.0019]
Nodes:[2.16338174e-06 4.77644810e-05 6.72816370e-04 5.87067489e-03
 3.16806214e-02 1.05645732e-01 2.17626742e-01 2.76906971e-01
 2.17626742e-01 1.05645732e-01 3.16806214e-02 5.87067489e-03
 6.72816370e-04 4.77644810e-05 2.16338174e-06]




took: 63.59485721588135
q:[0.0019]
Nodes:[2.16338174e-06 4.77644810e-05 6.72816370e-04 5.87067489e-03
 3.16806214e-02 1.05645732e-01 2.17626742e-01 2.76906971e-01
 2.17626742e-01 1.05645732e-01 3.16806214e-02 5.87067489e-03
 6.72816370e-04 4.77644810e-05 2.16338174e-06]




took: 62.676308155059814
q:[0.0019]
Nodes:[2.16338174e-06 4.77644810e-05 6.72816370e-04 5.87067489e-03
 3.16806214e-02 1.05645732e-01 2.17626742e-01 2.76906971e-01
 2.17626742e-01 1.05645732e-01 3.16806214e-02 5.87067489e-03
 6.72816370e-04 4.77644810e-05 2.16338174e-06]




took: 63.8061408996582
q:[0.0019]
Nodes:[2.16338208e-06 4.77644864e-05 6.72816421e-04 5.87067515e-03
 3.16806222e-02 1.05645732e-01 2.17626742e-01 2.76906969e-01
 2.17626742e-01 1.05645732e-01 3.16806222e-02 5.87067515e-03
 6.72816421e-04 4.77644864e-05 2.16338208e-06]




took: 64.29610180854797
q:[-0.00034546]
Nodes:[-8.43560718e+07 -2.34586348e+13 -1.26509143e+18 -1.02977885e+22
 -9.34180342e+24 -6.62006870e+26 -1.60667161e+27  4.55606116e+27
 -1.60667161e+27 -6.62006870e+26 -9.34180342e+24 -1.02977885e+22
 -1.26509143e+18 -2.34586348e+13 -8.43560718e+07]




took: 63.466413736343384
q:[0.00167545]
Nodes:[5.38519050e-07 1.75653443e-05 3.41862151e-04 3.88714592e-03
 2.57695986e-02 9.95166962e-02 2.23834624e-01 2.93263938e-01
 2.23834624e-01 9.95166962e-02 2.57695986e-02 3.88714592e-03
 3.41862151e-04 1.75653443e-05 5.38519050e-07]




took: 64.12304472923279
q:[0.00167545]
Nodes:[5.38519144e-07 1.75653465e-05 3.41862180e-04 3.88714613e-03
 2.57695993e-02 9.95166970e-02 2.23834623e-01 2.93263937e-01
 2.23834623e-01 9.95166970e-02 2.57695993e-02 3.88714613e-03
 3.41862180e-04 1.75653465e-05 5.38519144e-07]




took: 63.32950758934021
q:[0.00122636]
Nodes:[8.33383019e-09 8.57855242e-07 4.39210264e-05 1.10293468e-03
 1.35196548e-02 8.08176088e-02 2.35950646e-01 3.37128738e-01
 2.35950646e-01 8.08176088e-02 1.35196548e-02 1.10293468e-03
 4.39210264e-05 8.57855242e-07 8.33383019e-09]




took: 64.05068373680115
q:[0.00122636]
Nodes:[8.33383208e-09 8.57855383e-07 4.39210313e-05 1.10293476e-03
 1.35196553e-02 8.08176098e-02 2.35950645e-01 3.37128735e-01
 2.35950645e-01 8.08176098e-02 1.35196553e-02 1.10293476e-03
 4.39210313e-05 8.57855383e-07 8.33383208e-09]




took: 63.753852128982544
q:[0.00145091]
Nodes:[9.02301546e-08 4.83078370e-06 1.42353770e-04 2.27348624e-03
 1.96211106e-02 9.14257373e-02 2.30075454e-01 3.12913874e-01
 2.30075454e-01 9.14257373e-02 1.96211106e-02 2.27348624e-03
 1.42353770e-04 4.83078370e-06 9.02301546e-08]




took: 64.26837253570557
q:[0.00145091]
Nodes:[9.02301724e-08 4.83078439e-06 1.42353784e-04 2.27348638e-03
 1.96211112e-02 9.14257382e-02 2.30075453e-01 3.12913872e-01
 2.30075453e-01 9.14257382e-02 1.96211112e-02 2.27348638e-03
 1.42353784e-04 4.83078439e-06 9.02301724e-08]




took: 63.85234498977661
q:[0.00123109]
Nodes:[8.83435297e-09 8.95006727e-07 4.52078962e-05 1.12274129e-03
 1.36448203e-02 8.10711017e-02 2.35835360e-01 3.36559730e-01
 2.35835360e-01 8.10711017e-02 1.36448203e-02 1.12274129e-03
 4.52078962e-05 8.95006727e-07 8.83435297e-09]




took: 64.00919270515442
q:[0.00140411]
Nodes:[5.81992549e-08 3.51620604e-06 1.14713107e-04 1.99126164e-03
 1.83331651e-02 8.94427985e-02 2.31349416e-01 3.17530142e-01
 2.31349416e-01 8.94427985e-02 1.83331651e-02 1.99126164e-03
 1.14713107e-04 3.51620604e-06 5.81992549e-08]




took: 64.02276563644409
q:[0.00140411]
Nodes:[5.81992666e-08 3.51620656e-06 1.14713118e-04 1.99126176e-03
 1.83331657e-02 8.94427995e-02 2.31349416e-01 3.17530140e-01
 2.31349416e-01 8.94427995e-02 1.83331657e-02 1.99126176e-03
 1.14713118e-04 3.51620656e-06 5.81992666e-08]




took: 64.11330270767212
q:[0.00135713]
Nodes:[3.64419747e-08 2.50425152e-06 9.10709715e-05 1.72793889e-03
 1.70451033e-02 8.73368109e-02 2.32608472e-01 3.22376126e-01
 2.32608472e-01 8.73368109e-02 1.70451033e-02 1.72793889e-03
 9.10709715e-05 2.50425152e-06 3.64419747e-08]




took: 64.10821199417114
q:[0.0013977]
Nodes:[5.46894298e-08 3.36122210e-06 1.11250805e-04 1.95412305e-03
 1.81569494e-02 8.91622309e-02 2.31522604e-01 3.18178851e-01
 2.31522604e-01 8.91622309e-02 1.81569494e-02 1.95412305e-03
 1.11250805e-04 3.36122210e-06 5.46894298e-08]




took: 64.35478329658508
q:[0.0013977]
Nodes:[5.46894409e-08 3.36122260e-06 1.11250816e-04 1.95412317e-03
 1.81569500e-02 8.91622318e-02 2.31522604e-01 3.18178849e-01
 2.31522604e-01 8.91622318e-02 1.81569500e-02 1.95412317e-03
 1.11250816e-04 3.36122260e-06 5.46894409e-08]




took: 64.08573007583618
q:[0.00139128]
Nodes:[5.13638867e-08 3.21181194e-06 1.07864058e-04 1.91735629e-03
 1.79808203e-02 8.88794734e-02 2.31695422e-01 3.18831602e-01
 2.31695422e-01 8.88794734e-02 1.79808203e-02 1.91735629e-03
 1.07864058e-04 3.21181194e-06 5.13638867e-08]




took: 63.913379192352295
q:[0.00139706]
Nodes:[5.43487057e-08 3.34603217e-06 1.10908732e-04 1.95042948e-03
 1.81393318e-02 8.91340529e-02 2.31539904e-01 3.18243946e-01
 2.31539904e-01 8.91340529e-02 1.81393318e-02 1.95042948e-03
 1.10908732e-04 3.34603217e-06 5.43487057e-08]




took: 64.24194502830505
q:[0.00139747]
Nodes:[5.45670713e-08 3.35577022e-06 1.11128088e-04 1.95279850e-03
 1.81506335e-02 8.91521318e-02 2.31528807e-01 3.18202182e-01
 2.31528807e-01 8.91521318e-02 1.81506335e-02 1.95279850e-03
 1.11128088e-04 3.35577022e-06 5.45670713e-08]




took: 63.915284872055054
q:[0.00139747]
Nodes:[5.45670824e-08 3.35577072e-06 1.11128099e-04 1.95279862e-03
 1.81506341e-02 8.91521328e-02 2.31528806e-01 3.18202180e-01
 2.31528806e-01 8.91521328e-02 1.81506341e-02 1.95279862e-03
 1.11128099e-04 3.35577072e-06 5.45670824e-08]




took: 63.68643665313721
q:[0.00139724]
Nodes:[5.44449496e-08 3.35032551e-06 1.11005468e-04 1.95147444e-03
 1.81443178e-02 8.91420300e-02 2.31535008e-01 3.18225519e-01
 2.31535008e-01 8.91420300e-02 1.81443178e-02 1.95147444e-03
 1.11005468e-04 3.35032551e-06 5.44449496e-08]




took: 64.35647511482239
q:[0.00139744]
Nodes:[5.45548485e-08 3.35522543e-06 1.11115821e-04 1.95266608e-03
 1.81500019e-02 8.91511218e-02 2.31529427e-01 3.18204516e-01
 2.31529427e-01 8.91511218e-02 1.81500019e-02 1.95266608e-03
 1.11115821e-04 3.35522543e-06 5.45548485e-08]




took: 63.971301317214966
q:[0.0019]
Nodes:[2.16338174e-06 4.77644810e-05 6.72816370e-04 5.87067489e-03
 3.16806214e-02 1.05645732e-01 2.17626742e-01 2.76906971e-01
 2.17626742e-01 1.05645732e-01 3.16806214e-02 5.87067489e-03
 6.72816370e-04 4.77644810e-05 2.16338174e-06]




took: 64.1816098690033
q:[0.0019]
Nodes:[2.16338174e-06 4.77644810e-05 6.72816370e-04 5.87067489e-03
 3.16806214e-02 1.05645732e-01 2.17626742e-01 2.76906971e-01
 2.17626742e-01 1.05645732e-01 3.16806214e-02 5.87067489e-03
 6.72816370e-04 4.77644810e-05 2.16338174e-06]




took: 64.2948808670044
q:[0.0019]
Nodes:[2.16338174e-06 4.77644810e-05 6.72816370e-04 5.87067489e-03
 3.16806214e-02 1.05645732e-01 2.17626742e-01 2.76906971e-01
 2.17626742e-01 1.05645732e-01 3.16806214e-02 5.87067489e-03
 6.72816370e-04 4.77644810e-05 2.16338174e-06]




took: 64.07104134559631
q:[0.0019]
Nodes:[2.16338208e-06 4.77644864e-05 6.72816421e-04 5.87067515e-03
 3.16806222e-02 1.05645732e-01 2.17626742e-01 2.76906969e-01
 2.17626742e-01 1.05645732e-01 3.16806222e-02 5.87067515e-03
 6.72816421e-04 4.77644864e-05 2.16338208e-06]




took: 64.0058228969574
q:[-0.00285627]
Nodes:[-3.14407185e+243 -1.74565055e+244 -7.18035428e+244 -1.88389272e+245
 -2.77081444e+245 -1.04433753e+245  3.51723286e+245  6.21170605e+245
  3.51723286e+245 -1.04433753e+245 -2.77081444e+245 -1.88389272e+245
 -7.18035428e+244 -1.74565055e+244 -3.14407185e+243]




took: 64.2738299369812
q:[0.00142437]
Nodes:[7.05971557e-08 4.04427363e-06 1.26159525e-04 2.11104157e-03
 1.88904276e-02 9.03151041e-02 2.30799913e-01 3.15506479e-01
 2.30799913e-01 9.03151041e-02 1.88904276e-02 2.11104157e-03
 1.26159525e-04 4.04427363e-06 7.05971557e-08]




took: 63.65495824813843
q:[0.00142437]
Nodes:[7.05971698e-08 4.04427421e-06 1.26159537e-04 2.11104170e-03
 1.88904282e-02 9.03151050e-02 2.30799912e-01 3.15506477e-01
 2.30799912e-01 9.03151050e-02 1.88904282e-02 2.11104170e-03
